idx	label	predict	radius	correct	time
0	3	5	0.17	0	0:02:10.247995
20	7	7	0.457	1	0:02:08.389002
40	4	4	0.457	1	0:02:08.888999
60	7	7	0.457	1	0:02:08.656999
80	8	8	0.443	1	0:02:08.637000
100	4	4	0.0813	1	0:02:08.597990
120	8	8	0.382	1	0:02:09.193010
140	6	6	0.234	1	0:02:08.644000
160	2	3	0.0694	0	0:02:08.811000
180	0	0	0.0516	1	0:02:09.451999
200	5	3	0.163	0	0:02:08.655001
220	7	7	0.457	1	0:02:08.741000
240	1	1	0.457	1	0:02:08.600999
260	8	8	0.00382	1	0:02:08.600000
280	9	9	0.457	1	0:02:10.156006
300	6	6	0.457	1	0:02:08.586999
320	3	-1	0.0	0	0:02:08.768001
340	2	4	0.136	0	0:02:08.624000
360	9	9	0.457	1	0:02:09.582995
380	6	6	0.336	1	0:02:08.673609
400	9	9	0.457	1	0:02:08.817989
420	4	4	0.457	1	0:02:08.606011
440	1	1	0.252	1	0:02:08.599002
460	5	5	0.457	1	0:02:09.889988
480	8	9	0.257	0	0:02:08.960999
500	4	-1	0.0	0	0:02:10.205008
520	5	5	0.457	1	0:02:08.703061
540	1	1	0.282	1	0:02:08.726001
560	0	0	0.457	1	0:02:08.659000
580	4	4	0.457	1	0:02:08.783990
600	8	8	0.329	1	0:02:08.714010
620	7	7	0.457	1	0:02:08.637999
640	5	3	0.218	0	0:02:07.657000
660	9	9	0.457	1	0:02:09.650000
680	9	-1	0.0	0	0:02:08.938990
700	7	7	0.457	1	0:02:08.995009
720	4	7	0.0579	0	0:02:08.855000
740	2	5	0.457	0	0:02:09.365000
760	3	3	0.457	1	0:02:09.406001
780	9	9	0.457	1	0:02:08.899005
800	7	7	0.457	1	0:02:08.953984
820	6	5	0.336	0	0:02:08.883010
840	7	7	0.457	1	0:02:09.232001
860	4	4	0.3	1	0:02:08.892000
880	8	8	0.457	1	0:02:08.974990
900	2	-1	0.0	0	0:02:08.135609
920	6	6	0.438	1	0:02:07.381999
940	9	9	0.457	1	0:02:07.262001
960	9	9	0.457	1	0:02:07.390999
980	2	-1	0.0	0	0:02:07.296002
1000	5	5	0.457	1	0:02:07.314998
1020	1	1	0.457	1	0:02:07.306000
1040	7	5	0.331	0	0:02:07.320999
1060	9	9	0.457	1	0:02:07.323001
1080	6	6	0.258	1	0:02:07.299000
1100	7	8	0.0889	0	0:02:07.339000
1120	5	2	0.0629	0	0:02:07.431999
1140	6	6	0.0227	1	0:02:07.310000
1160	8	8	0.457	1	0:02:07.261000
1180	3	3	0.457	1	0:02:07.331001
1200	8	8	0.0759	1	0:02:07.337012
1220	9	3	0.072	0	0:02:07.308999
1240	2	6	0.0704	0	0:02:07.328000
1260	1	1	0.196	1	0:02:07.426999
1280	3	3	0.0543	1	0:02:07.295001
1300	4	3	0.457	0	0:02:09.277993
1320	7	7	0.291	1	0:02:09.320008
1340	1	1	0.457	1	0:02:09.186999
1360	7	7	0.457	1	0:02:08.937000
1380	4	5	0.143	0	0:02:09.702000
1400	5	5	0.0234	1	0:02:08.842999
1420	4	7	0.417	0	0:02:08.707999
1440	0	8	0.0591	0	0:02:08.957001
1460	6	6	0.417	1	0:02:08.726999
1480	1	-1	0.0	0	0:02:09.444001
1500	1	9	0.295	0	0:02:08.602999
1520	7	7	0.425	1	0:02:08.699001
