idx	label	predict	radius	correct	time
0	3	5	0.0195	0	0:00:32.944078
20	7	1	0.00252	0	0:00:31.567421
40	4	-1	0.0	0	0:00:31.306431
60	7	7	0.457	1	0:00:31.956274
80	8	8	0.443	1	0:00:31.396322
100	4	4	0.134	1	0:00:31.649693
120	8	8	0.178	1	0:00:31.432908
140	6	6	0.235	1	0:00:32.393275
160	2	0	0.184	0	0:00:33.320191
180	0	0	0.158	1	0:00:33.098179
200	5	5	0.457	1	0:00:32.524255
220	7	4	0.247	0	0:00:31.775093
240	1	1	0.457	1	0:00:31.965271
260	8	8	0.0521	1	0:00:32.109253
280	9	9	0.127	1	0:00:31.531276
300	6	6	0.457	1	0:00:31.601735
320	3	5	0.0475	0	0:00:31.562587
340	2	4	0.304	0	0:00:31.600193
360	9	9	0.314	1	0:00:31.550102
380	6	6	0.211	1	0:00:31.540781
400	9	9	0.428	1	0:00:31.587472
420	4	4	0.417	1	0:00:31.582363
440	1	1	0.457	1	0:00:31.601156
460	5	5	0.457	1	0:00:31.544614
480	8	9	0.197	0	0:00:31.643044
500	4	4	0.182	1	0:00:31.566566
520	5	7	0.102	0	0:00:31.681855
540	1	1	0.457	1	0:00:31.500071
560	0	0	0.457	1	0:00:31.609548
580	4	4	0.417	1	0:00:31.488806
600	8	8	0.193	1	0:00:31.662690
620	7	7	0.457	1	0:00:31.499606
640	5	5	0.0959	1	0:00:31.719209
660	9	9	0.189	1	0:00:31.609122
680	9	1	0.117	0	0:00:31.660632
700	7	7	0.457	1	0:00:32.043130
720	4	7	0.115	0	0:00:31.712876
740	2	5	0.305	0	0:00:31.514952
760	3	7	0.0414	0	0:00:31.728169
780	9	9	0.389	1	0:00:31.509497
800	7	7	0.457	1	0:00:31.715190
820	6	6	0.0899	1	0:00:31.478465
840	7	7	0.457	1	0:00:31.732507
860	4	4	0.405	1	0:00:31.395803
880	8	8	0.389	1	0:00:31.695369
900	2	4	0.025	0	0:00:31.401268
920	6	6	0.135	1	0:00:31.693930
940	9	9	0.457	1	0:00:31.350533
