idx	label	predict	radius	correct	time
0	3	6	0.262	0	0:00:34.512246
20	7	7	0.0179	1	0:00:32.062927
40	4	0	0.131	0	0:00:32.167578
60	7	7	0.0622	1	0:00:31.955752
80	8	-1	0.0	0	0:00:31.354758
100	4	6	0.0483	0	0:00:32.079115
120	8	6	0.33	0	0:00:31.361903
140	6	6	0.365	1	0:00:31.663643
160	2	6	0.0807	0	0:00:31.349174
180	0	6	0.206	0	0:00:32.576751
200	5	6	0.283	0	0:00:31.717748
220	7	4	0.139	0	0:00:32.097633
240	1	1	0.449	1	0:00:31.793175
260	8	6	0.32	0	0:00:32.136831
280	9	9	0.0396	1	0:00:31.701704
300	6	6	0.457	1	0:00:32.363921
320	3	6	0.38	0	0:00:32.074832
340	2	6	0.176	0	0:00:32.081745
360	9	9	0.175	1	0:00:31.652743
380	6	6	0.457	1	0:00:31.756679
400	9	9	0.126	1	0:00:31.695927
420	4	6	0.0892	0	0:00:31.768858
440	1	1	0.07	1	0:00:31.659652
460	5	5	0.196	1	0:00:31.727846
480	8	6	0.000782	0	0:00:32.185428
500	4	6	0.24	0	0:00:31.874940
520	5	6	0.143	0	0:00:31.748083
540	1	1	0.144	1	0:00:37.044716
560	0	6	0.00571	0	0:00:39.482587
580	4	6	0.0697	0	0:00:39.916095
600	8	8	0.163	1	0:00:40.472605
620	7	6	0.0323	0	0:00:39.715708
640	5	6	0.129	0	0:00:40.602557
660	9	9	0.0629	1	0:00:43.622207
680	9	-1	0.0	0	0:00:37.029869
700	7	7	0.367	1	0:00:42.601932
720	4	6	0.145	0	0:00:41.103517
740	2	7	0.0135	0	0:00:33.364927
760	3	3	0.197	1	0:00:42.754699
780	9	9	0.123	1	0:00:39.912126
800	7	7	0.0582	1	0:00:32.473609
820	6	6	0.3	1	0:00:31.790731
840	7	7	0.421	1	0:00:31.978576
860	4	4	0.0258	1	0:00:39.140210
880	8	8	0.245	1	0:00:32.188873
900	2	6	0.272	0	0:00:31.846528
920	6	6	0.419	1	0:00:32.157661
940	9	9	0.457	1	0:00:31.849174
960	9	6	0.0288	0	0:00:32.206244
980	2	6	0.41	0	0:00:49.531055
1000	5	6	0.428	0	0:00:31.986042
1020	1	1	0.37	1	0:00:32.084747
1040	7	7	0.0761	1	0:00:31.906722
1060	9	9	0.402	1	0:00:32.080295
1080	6	6	0.457	1	0:00:31.847056
1100	7	8	0.0728	0	0:00:36.790808
1120	5	6	0.24	0	0:00:36.471357
1140	6	6	0.449	1	0:00:31.993450
1160	8	8	0.34	1	0:00:31.610571
1180	3	6	0.251	0	0:00:31.932478
1200	8	8	0.363	1	0:00:31.516275
1220	9	6	0.434	0	0:00:32.003953
1240	2	6	0.367	0	0:00:31.563311
1260	1	1	0.0143	1	0:00:32.021785
1280	3	3	0.116	1	0:00:31.482079
1300	4	6	0.195	0	0:00:32.189902
1320	7	7	0.196	1	0:00:31.631552
1340	1	1	0.296	1	0:00:31.886312
1360	7	4	0.0531	0	0:00:31.665246
1380	4	6	0.449	0	0:00:31.978106
1400	5	6	0.349	0	0:00:31.602203
1420	4	4	0.0764	1	0:00:31.789361
1440	0	0	0.253	1	0:00:31.529541
1460	6	6	0.457	1	0:00:31.713770
1480	1	6	0.0158	0	0:00:31.492553
1500	1	1	0.274	1	0:00:31.752144
1520	7	6	0.13	0	0:00:31.562903
1540	8	8	0.402	1	0:00:31.785817
1560	7	7	0.457	1	0:00:31.477222
1580	6	6	0.146	1	0:00:31.668559
1600	8	6	0.372	0	0:00:31.515336
1620	5	6	0.228	0	0:00:31.744730
1640	7	-1	0.0	0	0:00:31.562461
1660	3	-1	0.0	0	0:00:31.862463
1680	6	6	0.431	1	0:00:31.596684
1700	5	6	0.428	0	0:00:31.802647
1720	4	4	0.0353	1	0:00:31.568968
1740	1	1	0.0282	1	0:00:31.704831
1760	0	6	0.257	0	0:00:31.491435
1780	7	6	0.0684	0	0:00:31.709237
1800	4	6	0.182	0	0:00:31.478877
1820	8	8	0.215	1	0:00:31.637773
1840	8	6	0.305	0	0:00:31.520665
1860	8	6	0.0634	0	0:00:31.658154
1880	1	1	0.457	1	0:00:31.532062
1900	8	8	0.15	1	0:00:31.608131
1920	2	2	0.0836	1	0:00:31.526921
1940	5	-1	0.0	0	0:00:31.624799
1960	2	6	0.361	0	0:00:31.524306
1980	9	9	0.309	1	0:00:31.635894
2000	1	6	0.443	0	0:00:31.504068
2020	9	9	0.242	1	0:00:31.645360
2040	0	0	0.264	1	0:00:31.515842
2060	5	6	0.434	0	0:00:31.626415
2080	1	6	0.122	0	0:00:31.680687
2100	2	4	0.00102	0	0:00:31.737949
2120	4	6	0.154	0	0:00:31.711963
2140	9	9	0.457	1	0:00:31.698858
2160	0	0	0.0673	1	0:00:31.724804
