idx	label	predict	radius	correct	time
0	3	3	0.0619	1	0:00:02.073762
20	7	7	0.357	1	0:00:01.805397
40	4	4	0.457	1	0:00:01.809669
60	7	7	0.457	1	0:00:01.805336
80	8	8	0.457	1	0:00:01.809680
100	4	-1	0.0	0	0:00:01.813440
120	8	8	0.414	1	0:00:01.811630
140	6	6	0.138	1	0:00:01.814688
160	2	2	0.211	1	0:00:01.818290
180	0	0	0.457	1	0:00:01.814959
200	5	5	0.457	1	0:00:01.819574
220	7	7	0.296	1	0:00:01.817892
240	1	1	0.457	1	0:00:01.821142
260	8	8	0.348	1	0:00:01.821445
280	9	9	0.457	1	0:00:01.824555
300	6	6	0.457	1	0:00:01.823335
320	3	3	0.119	1	0:00:01.824421
340	2	4	0.229	0	0:00:01.824567
360	9	9	0.121	1	0:00:01.824631
380	6	6	0.457	1	0:00:01.823753
400	9	9	0.457	1	0:00:01.823641
420	4	4	0.443	1	0:00:01.825058
440	1	1	0.457	1	0:00:01.826802
460	5	5	0.419	1	0:00:01.824123
480	8	9	0.364	0	0:00:01.827639
500	4	4	0.034	1	0:00:01.830541
520	5	5	0.356	1	0:00:01.830483
540	1	1	0.457	1	0:00:01.829077
560	0	0	0.457	1	0:00:01.829441
580	4	4	0.449	1	0:00:01.831633
600	8	8	0.438	1	0:00:01.829314
620	7	7	0.457	1	0:00:01.833653
640	5	3	0.449	0	0:00:01.833218
660	9	9	0.457	1	0:00:01.829869
680	9	2	0.139	0	0:00:01.831773
700	7	7	0.457	1	0:00:01.831423
720	4	4	0.063	1	0:00:01.831578
740	2	5	0.168	0	0:00:01.832383
760	3	3	0.159	1	0:00:01.832075
780	9	9	0.457	1	0:00:01.832568
800	7	7	0.457	1	0:00:01.832935
820	6	6	0.457	1	0:00:01.831354
840	7	7	0.457	1	0:00:01.834049
860	4	4	0.209	1	0:00:01.830954
880	8	8	0.443	1	0:00:01.834096
900	2	3	0.0368	0	0:00:01.832018
920	6	6	0.408	1	0:00:01.835605
940	9	9	0.457	1	0:00:01.830821
960	9	9	0.272	1	0:00:01.830480
980	2	2	0.0194	1	0:00:01.833630
1000	5	5	0.457	1	0:00:01.830545
1020	1	1	0.457	1	0:00:01.831497
1040	7	5	0.392	0	0:00:01.833864
1060	9	9	0.457	1	0:00:01.832810
1080	6	6	0.229	1	0:00:01.833819
1100	7	7	0.339	1	0:00:01.831339
1120	5	5	0.449	1	0:00:01.833261
1140	6	6	0.356	1	0:00:01.834002
1160	8	8	0.423	1	0:00:01.832847
1180	3	3	0.00822	1	0:00:01.831790
1200	8	0	0.0451	0	0:00:01.834632
1220	9	3	0.0976	0	0:00:01.831718
1240	2	6	0.389	0	0:00:01.833534
1260	1	1	0.338	1	0:00:01.837105
1280	3	3	0.206	1	0:00:01.839297
1300	4	3	0.399	0	0:00:01.836786
1320	7	4	0.129	0	0:00:01.838775
1340	1	1	0.457	1	0:00:01.838116
1360	7	7	0.366	1	0:00:01.841311
1380	4	5	0.232	0	0:00:01.839414
1400	5	-1	0.0	0	0:00:01.837738
1420	4	4	0.0123	1	0:00:01.838479
1440	0	0	0.308	1	0:00:01.837886
1460	6	6	0.457	1	0:00:01.836663
1480	1	1	0.457	1	0:00:01.835778
1500	1	1	0.299	1	0:00:01.836972
1520	7	7	0.457	1	0:00:01.838179
1540	8	8	0.457	1	0:00:01.837492
1560	7	7	0.457	1	0:00:01.837505
1580	6	-1	0.0	0	0:00:01.837292
1600	8	8	0.0646	1	0:00:01.836631
1620	5	3	0.101	0	0:00:01.836894
1640	7	7	0.415	1	0:00:01.841798
1660	3	3	0.457	1	0:00:01.837264
1680	6	6	0.457	1	0:00:01.839490
1700	5	5	0.0253	1	0:00:01.839349
1720	4	3	0.134	0	0:00:01.839030
1740	1	1	0.425	1	0:00:01.840277
1760	0	0	0.457	1	0:00:01.841516
1780	7	7	0.226	1	0:00:01.840480
1800	4	4	0.176	1	0:00:01.841503
1820	8	8	0.457	1	0:00:01.839221
1840	8	9	0.0529	0	0:00:01.840394
1860	8	8	0.457	1	0:00:01.838712
1880	1	1	0.457	1	0:00:01.837666
1900	8	8	0.457	1	0:00:01.840914
1920	2	2	0.457	1	0:00:01.837982
1940	5	5	0.384	1	0:00:01.839387
1960	2	5	0.176	0	0:00:01.841086
1980	9	9	0.457	1	0:00:01.837406
2000	1	1	0.205	1	0:00:01.840867
2020	9	9	0.457	1	0:00:01.838422
2040	0	0	0.457	1	0:00:01.837396
2060	5	3	0.402	0	0:00:01.841020
2080	1	1	0.337	1	0:00:01.837394
2100	2	2	0.434	1	0:00:01.841052
2120	4	4	0.119	1	0:00:01.839938
2140	9	9	0.457	1	0:00:01.841440
2160	0	0	0.457	1	0:00:01.839542
2180	4	4	0.457	1	0:00:01.838713
2200	0	0	0.313	1	0:00:01.840436
2220	1	1	0.457	1	0:00:01.839851
2240	9	1	0.119	0	0:00:01.840606
2260	4	4	0.457	1	0:00:01.838385
2280	4	4	0.127	1	0:00:01.840704
2300	3	3	0.0739	1	0:00:01.839982
2320	5	5	0.0164	1	0:00:01.838088
2340	7	7	0.457	1	0:00:01.840703
2360	7	5	0.125	0	0:00:01.838104
2380	8	8	0.457	1	0:00:01.839628
2400	0	0	0.457	1	0:00:01.838111
2420	8	1	0.232	0	0:00:01.837721
2440	7	7	0.457	1	0:00:01.838779
2460	9	9	0.237	1	0:00:01.838745
2480	8	8	0.457	1	0:00:01.837460
2500	4	4	0.164	1	0:00:01.838801
2520	1	1	0.33	1	0:00:01.837914
2540	2	2	0.0872	1	0:00:01.837525
2560	7	7	0.402	1	0:00:01.838149
2580	6	6	0.278	1	0:00:01.838231
2600	8	8	0.457	1	0:00:01.838175
2620	1	0	0.176	0	0:00:01.838482
2640	7	7	0.457	1	0:00:01.839475
2660	3	3	0.434	1	0:00:01.839200
2680	0	0	0.457	1	0:00:01.838364
2700	9	9	0.257	1	0:00:01.839915
2720	3	3	0.191	1	0:00:01.839326
2740	1	1	0.291	1	0:00:01.839527
2760	2	2	0.335	1	0:00:01.839032
2780	7	7	0.457	1	0:00:01.838531
2800	4	4	0.457	1	0:00:01.842819
2820	6	6	0.457	1	0:00:01.840527
2840	3	3	0.457	1	0:00:01.842341
2860	5	5	0.321	1	0:00:01.839579
2880	4	4	0.457	1	0:00:01.838637
2900	3	5	0.077	0	0:00:01.841417
2920	2	2	0.0604	1	0:00:01.842705
2940	3	0	0.457	0	0:00:01.840248
2960	9	2	0.0479	0	0:00:01.840917
2980	8	8	0.457	1	0:00:01.841003
3000	5	5	0.229	1	0:00:01.840907
3020	1	1	0.125	1	0:00:01.840913
3040	7	7	0.457	1	0:00:01.840661
3060	7	7	0.457	1	0:00:01.839500
3080	1	1	0.403	1	0:00:01.840197
3100	0	0	0.457	1	0:00:01.837648
3120	4	3	0.0384	0	0:00:01.838691
3140	8	8	0.457	1	0:00:01.840750
3160	6	2	0.347	0	0:00:01.839845
3180	3	6	0.106	0	0:00:01.840207
3200	5	5	0.457	1	0:00:01.842469
3220	3	9	0.259	0	0:00:01.838392
3240	4	0	0.016	0	0:00:01.840940
3260	7	7	0.341	1	0:00:01.839609
3280	3	5	0.247	0	0:00:01.837881
3300	4	4	0.352	1	0:00:01.838786
3320	2	7	0.457	0	0:00:01.839838
3340	6	6	0.457	1	0:00:01.837610
3360	4	4	0.457	1	0:00:01.840881
3380	8	8	0.457	1	0:00:01.838639
3400	6	4	0.425	0	0:00:01.838975
3420	5	5	0.108	1	0:00:01.841485
3440	2	3	0.0817	0	0:00:01.840974
3460	1	1	0.369	1	0:00:01.841394
3480	2	2	0.457	1	0:00:01.840579
3500	1	9	0.347	0	0:00:01.840257
3520	1	1	0.457	1	0:00:01.839473
3540	6	6	0.457	1	0:00:01.839467
3560	1	9	0.342	0	0:00:01.840212
3580	4	2	0.129	0	0:00:01.840715
3600	4	2	0.217	0	0:00:01.839486
3620	0	0	0.084	1	0:00:01.840409
3640	6	6	0.305	1	0:00:01.841751
3660	0	0	0.228	1	0:00:01.841679
3680	0	7	0.0714	0	0:00:01.841062
3700	3	3	0.457	1	0:00:01.840728
3720	2	2	0.421	1	0:00:01.841603
3740	0	0	0.457	1	0:00:01.840662
3760	7	7	0.457	1	0:00:01.841544
3780	4	4	0.356	1	0:00:01.840939
3800	9	9	0.457	1	0:00:01.839016
3820	0	0	0.276	1	0:00:01.841406
3840	6	6	0.329	1	0:00:01.839754
3860	7	7	0.457	1	0:00:01.838473
3880	6	6	0.398	1	0:00:01.840288
3900	3	6	0.443	0	0:00:01.839649
3920	7	-1	0.0	0	0:00:01.838633
3940	6	3	0.139	0	0:00:01.840935
3960	2	2	0.457	1	0:00:01.841746
3980	9	9	0.157	1	0:00:01.837862
4000	8	0	0.343	0	0:00:01.840577
4020	8	8	0.457	1	0:00:01.839684
4040	0	0	0.457	1	0:00:01.840218
4060	6	6	0.449	1	0:00:01.840047
4080	1	1	0.457	1	0:00:01.839600
4100	7	7	0.457	1	0:00:01.838237
4120	4	4	0.457	1	0:00:01.840349
4140	5	5	0.438	1	0:00:01.839541
4160	5	5	0.37	1	0:00:01.839583
4180	0	8	0.195	0	0:00:01.838678
4200	4	4	0.403	1	0:00:01.838197
4220	4	0	0.00985	0	0:00:01.839623
4240	7	0	0.168	0	0:00:01.839287
4260	8	8	0.457	1	0:00:01.839315
4280	8	0	0.193	0	0:00:01.840940
4300	8	8	0.457	1	0:00:01.839077
4320	1	0	0.364	0	0:00:01.839879
4340	0	0	0.457	1	0:00:01.838126
4360	6	6	0.457	1	0:00:01.839911
4380	9	9	0.278	1	0:00:01.842159
4400	3	3	0.275	1	0:00:01.839495
4420	5	5	0.215	1	0:00:01.838969
4440	2	2	0.318	1	0:00:01.840048
4460	9	9	0.457	1	0:00:01.839004
4480	9	9	0.457	1	0:00:01.841338
4500	3	5	0.457	0	0:00:01.840469
4520	3	5	0.126	0	0:00:01.838930
4540	9	9	0.457	1	0:00:01.840570
4560	1	1	0.457	1	0:00:01.841333
4580	6	6	0.379	1	0:00:01.839551
4600	4	4	0.405	1	0:00:01.842155
4620	7	7	0.457	1	0:00:01.840530
4640	2	2	0.449	1	0:00:01.839827
4660	7	7	0.0832	1	0:00:01.840875
4680	9	1	0.217	0	0:00:01.840896
4700	6	6	0.0311	1	0:00:01.840733
4720	8	8	0.228	1	0:00:01.841249
4740	5	3	0.057	0	0:00:01.839648
4760	3	2	0.047	0	0:00:01.841059
4780	0	0	0.247	1	0:00:01.840393
4800	9	9	0.457	1	0:00:01.841228
4820	3	3	0.285	1	0:00:01.842078
4840	0	0	0.457	1	0:00:01.839547
4860	5	5	0.457	1	0:00:01.840856
4880	0	8	0.0278	0	0:00:01.840004
4900	3	1	0.205	0	0:00:01.840967
4920	7	7	0.457	1	0:00:01.842468
4940	6	6	0.457	1	0:00:01.840148
4960	4	4	0.423	1	0:00:01.840150
4980	1	9	0.195	0	0:00:01.838958
5000	7	7	0.457	1	0:00:01.841504
5020	8	8	0.457	1	0:00:01.839556
5040	3	3	0.105	1	0:00:01.841954
5060	6	3	0.107	0	0:00:01.838752
5080	7	7	0.457	1	0:00:01.841380
5100	3	3	0.457	1	0:00:01.841238
5120	9	9	0.434	1	0:00:01.840983
5140	8	8	0.457	1	0:00:01.841746
5160	0	0	0.457	1	0:00:01.842714
5180	9	7	0.00541	0	0:00:01.840479
5200	3	3	0.457	1	0:00:01.842730
5220	0	0	0.127	1	0:00:01.839315
5240	1	9	0.223	0	0:00:01.840746
5260	0	0	0.457	1	0:00:01.837765
5280	0	4	0.056	0	0:00:01.841500
5300	9	9	0.457	1	0:00:01.839346
5320	7	7	0.457	1	0:00:01.841586
5340	3	4	0.365	0	0:00:01.840029
5360	9	9	0.457	1	0:00:01.839814
5380	1	1	0.107	1	0:00:01.840011
5400	9	9	0.248	1	0:00:01.838680
5420	6	6	0.457	1	0:00:01.841280
5440	9	9	0.457	1	0:00:01.840944
5460	0	0	0.368	1	0:00:01.839518
5480	1	1	0.357	1	0:00:01.839505
5500	8	8	0.449	1	0:00:01.839871
5520	4	4	0.206	1	0:00:01.841136
5540	5	2	0.204	0	0:00:01.839586
5560	3	3	0.379	1	0:00:01.840559
5580	5	3	0.334	0	0:00:01.840688
5600	6	6	0.139	1	0:00:01.839892
5620	3	-1	0.0	0	0:00:01.838464
5640	2	3	0.0885	0	0:00:01.839159
5660	9	9	0.215	1	0:00:01.838684
5680	2	2	0.175	1	0:00:01.839502
5700	3	5	0.064	0	0:00:01.840863
5720	9	9	0.457	1	0:00:01.839588
5740	6	2	0.0405	0	0:00:01.836852
5760	2	2	0.438	1	0:00:01.838603
5780	7	7	0.457	1	0:00:01.837724
5800	2	2	0.349	1	0:00:01.838941
5820	5	5	0.32	1	0:00:01.838302
5840	2	2	0.298	1	0:00:01.840997
5860	0	8	0.106	0	0:00:01.838740
5880	0	0	0.457	1	0:00:01.839442
5900	4	4	0.00703	1	0:00:01.837179
5920	8	8	0.457	1	0:00:01.838482
5940	7	7	0.0136	1	0:00:01.838395
5960	2	6	0.364	0	0:00:01.839363
5980	9	9	0.457	1	0:00:01.837528
6000	8	8	0.289	1	0:00:01.838380
6020	6	6	0.457	1	0:00:01.838906
6040	2	-1	0.0	0	0:00:01.838360
6060	3	3	0.316	1	0:00:01.838410
6080	1	1	0.403	1	0:00:01.837386
6100	1	1	0.449	1	0:00:01.840490
6120	5	5	0.457	1	0:00:01.838475
6140	9	9	0.457	1	0:00:01.838823
6160	2	2	0.457	1	0:00:01.839533
6180	0	0	0.0793	1	0:00:01.837750
6200	3	3	0.181	1	0:00:01.838580
6220	2	2	0.131	1	0:00:01.838140
6240	2	2	0.408	1	0:00:01.838003
6260	2	2	0.265	1	0:00:01.840314
6280	8	-1	0.0	0	0:00:01.838791
6300	1	1	0.4	1	0:00:01.837910
6320	0	0	0.428	1	0:00:01.838455
6340	3	3	0.39	1	0:00:01.839843
6360	2	2	0.32	1	0:00:01.838149
6380	3	7	0.0151	0	0:00:01.840338
6400	0	0	0.169	1	0:00:01.838601
6420	7	7	0.457	1	0:00:01.840837
6440	3	-1	0.0	0	0:00:01.837816
6460	3	3	0.284	1	0:00:01.839056
6480	0	0	0.434	1	0:00:01.840240
6500	7	0	0.00479	0	0:00:01.838734
6520	6	6	0.0355	1	0:00:01.837628
6540	8	8	0.443	1	0:00:01.840197
6560	6	6	0.419	1	0:00:01.838088
6580	1	1	0.309	1	0:00:01.839598
6600	7	7	0.457	1	0:00:01.840044
6620	7	7	0.457	1	0:00:01.839214
6640	5	3	0.457	0	0:00:01.840847
6660	0	0	0.457	1	0:00:01.839192
6680	3	5	0.373	0	0:00:01.839500
6700	6	6	0.449	1	0:00:01.840598
6720	2	2	0.398	1	0:00:01.839126
6740	2	2	0.352	1	0:00:01.842110
6760	5	5	0.457	1	0:00:01.839846
6780	7	7	0.457	1	0:00:01.840936
6800	6	6	0.106	1	0:00:01.838582
6820	1	1	0.457	1	0:00:01.840456
6840	9	9	0.457	1	0:00:01.839126
6860	0	0	0.457	1	0:00:01.838413
6880	2	2	0.457	1	0:00:01.839506
6900	3	3	0.177	1	0:00:01.839190
6920	5	2	0.0944	0	0:00:01.839990
6940	1	1	0.457	1	0:00:01.838814
6960	9	9	0.23	1	0:00:01.838789
6980	0	9	0.0245	0	0:00:01.840654
7000	2	8	0.234	0	0:00:01.839527
7020	7	7	0.457	1	0:00:01.841225
7040	7	0	0.00706	0	0:00:01.839729
7060	8	8	0.457	1	0:00:01.839135
7080	5	4	0.0786	0	0:00:01.839131
7100	9	8	0.372	0	0:00:01.838987
7120	7	7	0.457	1	0:00:01.840807
7140	4	4	0.27	1	0:00:01.837825
7160	5	5	0.457	1	0:00:01.840678
7180	6	6	0.438	1	0:00:01.840134
7200	4	3	0.255	0	0:00:01.839568
7220	9	0	0.179	0	0:00:01.839756
7240	0	0	0.375	1	0:00:01.839765
7260	1	1	0.356	1	0:00:01.840582
7280	1	1	0.103	1	0:00:01.839212
7300	3	4	0.186	0	0:00:01.840140
7320	8	8	0.334	1	0:00:01.839074
7340	2	2	0.201	1	0:00:01.839308
7360	2	7	0.0465	0	0:00:01.840299
7380	7	7	0.457	1	0:00:01.838896
7400	3	3	0.231	1	0:00:01.839939
7420	3	4	0.0289	0	0:00:01.841548
7440	3	3	0.126	1	0:00:01.838769
7460	5	5	0.457	1	0:00:01.840629
7480	1	8	0.305	0	0:00:01.839978
7500	6	6	0.457	1	0:00:01.839818
7520	4	4	0.438	1	0:00:01.840219
7540	5	5	0.457	1	0:00:01.838761
7560	0	0	0.36	1	0:00:01.839987
7580	8	8	0.457	1	0:00:01.839393
7600	8	9	0.0803	0	0:00:01.837564
7620	5	3	0.191	0	0:00:01.839887
7640	9	8	0.12	0	0:00:01.836988
7660	7	7	0.449	1	0:00:01.839928
7680	3	3	0.0188	1	0:00:01.838357
7700	6	6	0.457	1	0:00:01.840124
7720	5	5	0.449	1	0:00:01.838597
7740	4	2	0.0168	0	0:00:01.839048
7760	2	0	0.33	0	0:00:01.838592
7780	3	9	0.0831	0	0:00:01.837640
7800	0	0	0.457	1	0:00:01.836604
7820	5	5	0.18	1	0:00:01.837118
7840	1	1	0.457	1	0:00:01.837182
7860	8	8	0.457	1	0:00:01.838312
7880	0	0	0.164	1	0:00:01.838305
7900	0	-1	0.0	0	0:00:01.839980
7920	9	9	0.41	1	0:00:01.840919
7940	2	6	0.0586	0	0:00:01.839717
7960	0	0	0.257	1	0:00:01.837763
7980	3	3	0.267	1	0:00:01.841054
8000	9	9	0.457	1	0:00:01.838522
8020	6	3	0.132	0	0:00:01.837776
8040	2	2	0.457	1	0:00:01.841032
8060	6	6	0.457	1	0:00:01.838738
8080	4	4	0.156	1	0:00:01.841363
8100	6	6	0.0694	1	0:00:01.838165
8120	8	9	0.457	0	0:00:01.839346
8140	5	3	0.189	0	0:00:01.837993
8160	6	6	0.315	1	0:00:01.838092
8180	4	4	0.123	1	0:00:01.836916
8200	3	4	0.291	0	0:00:01.838252
8220	6	5	0.0506	0	0:00:01.840330
8240	7	7	0.457	1	0:00:01.841081
8260	1	1	0.457	1	0:00:01.839064
8280	4	4	0.383	1	0:00:01.838694
8300	5	2	0.0183	0	0:00:01.836277
8320	7	7	0.329	1	0:00:01.839258
8340	5	5	0.066	1	0:00:01.837943
8360	7	7	0.457	1	0:00:01.838422
8380	9	9	0.457	1	0:00:01.837970
8400	0	0	0.258	1	0:00:01.837916
8420	3	6	0.335	0	0:00:01.838036
8440	5	5	0.08	1	0:00:01.837750
8460	8	8	0.457	1	0:00:01.837968
8480	2	2	0.325	1	0:00:01.838792
8500	4	4	0.457	1	0:00:01.836968
8520	8	8	0.285	1	0:00:01.837864
8540	4	4	0.0768	1	0:00:01.838724
8560	7	7	0.457	1	0:00:01.837853
8580	3	5	0.105	0	0:00:01.841837
8600	3	3	0.239	1	0:00:01.839643
8620	3	3	0.154	1	0:00:01.839808
8640	1	1	0.457	1	0:00:01.837171
8660	7	7	0.32	1	0:00:01.842498
8680	3	3	0.362	1	0:00:01.838035
8700	3	3	0.361	1	0:00:01.841806
8720	2	0	0.457	0	0:00:01.840026
8740	2	2	0.0796	1	0:00:01.838314
8760	8	8	0.457	1	0:00:01.841134
8780	4	4	0.307	1	0:00:01.841433
8800	0	0	0.457	1	0:00:01.840268
8820	2	2	0.457	1	0:00:01.841022
8840	2	5	0.00646	0	0:00:01.842938
8860	2	2	0.457	1	0:00:01.838379
8880	1	1	0.457	1	0:00:01.840442
8900	2	2	0.406	1	0:00:01.840737
8920	6	6	0.457	1	0:00:01.843143
8940	6	3	0.203	0	0:00:01.839500
8960	0	0	0.28	1	0:00:01.841892
8980	9	9	0.457	1	0:00:01.839533
9000	8	8	0.457	1	0:00:01.841075
9020	7	7	0.457	1	0:00:01.837879
9040	2	5	0.457	0	0:00:01.841350
9060	9	9	0.379	1	0:00:01.838698
9080	3	3	0.286	1	0:00:01.840324
9100	9	1	0.323	0	0:00:01.838149
9120	3	5	0.438	0	0:00:01.840340
9140	7	7	0.248	1	0:00:01.839117
9160	5	3	0.0469	0	0:00:01.838469
9180	5	5	0.457	1	0:00:01.841350
9200	8	8	0.457	1	0:00:01.840456
9220	8	8	0.457	1	0:00:01.841823
9240	8	8	0.457	1	0:00:01.842108
9260	5	5	0.387	1	0:00:01.840679
9280	9	1	0.266	0	0:00:01.843645
9300	5	4	0.0228	0	0:00:01.841164
9320	9	9	0.457	1	0:00:01.842495
9340	1	1	0.457	1	0:00:01.840350
9360	5	0	0.457	0	0:00:01.841371
9380	5	5	0.168	1	0:00:01.842539
9400	6	6	0.457	1	0:00:01.841387
9420	5	5	0.457	1	0:00:01.842583
9440	8	8	0.457	1	0:00:01.840007
9460	3	3	0.197	1	0:00:01.841647
9480	2	2	0.457	1	0:00:01.838869
9500	9	9	0.457	1	0:00:01.839985
9520	1	1	0.285	1	0:00:01.838815
9540	5	5	0.0692	1	0:00:01.838989
9560	9	5	0.27	0	0:00:01.840382
9580	1	1	0.457	1	0:00:01.840318
9600	8	8	0.421	1	0:00:01.838378
9620	4	4	0.151	1	0:00:01.839907
9640	5	5	0.128	1	0:00:01.838873
9660	6	6	0.457	1	0:00:01.841022
9680	8	8	0.457	1	0:00:01.839221
9700	0	0	0.457	1	0:00:01.841218
9720	8	8	0.0871	1	0:00:01.841672
9740	3	6	0.371	0	0:00:01.839399
9760	9	9	0.0935	1	0:00:01.841470
9780	4	4	0.0435	1	0:00:01.839596
9800	1	1	0.457	1	0:00:01.839830
9820	0	8	0.191	0	0:00:01.841095
9840	4	7	0.282	0	0:00:01.839233
9860	0	0	0.332	1	0:00:01.840059
9880	7	7	0.205	1	0:00:01.840605
9900	8	8	0.457	1	0:00:01.840113
9920	6	6	0.443	1	0:00:01.838381
9940	4	4	0.261	1	0:00:01.840037
9960	2	0	0.41	0	0:00:01.840320
9980	0	0	0.457	1	0:00:01.839710
