idx	label	predict	radius	correct	time
0	3	-1	0.0	0	0:00:55.148227
20	7	7	0.348	1	0:00:55.232774
40	4	4	0.457	1	0:00:55.268658
60	7	7	0.457	1	0:00:55.251037
80	8	8	0.457	1	0:00:55.242471
100	4	5	0.0155	0	0:00:55.246979
120	8	8	0.438	1	0:00:55.246186
140	6	6	0.173	1	0:00:55.266695
160	2	2	0.216	1	0:00:55.231472
180	0	0	0.457	1	0:00:55.210631
200	5	5	0.449	1	0:00:55.231187
220	7	7	0.383	1	0:00:55.241890
240	1	1	0.457	1	0:00:55.232565
260	8	8	0.374	1	0:00:55.230549
280	9	9	0.449	1	0:00:55.250698
300	6	6	0.457	1	0:00:55.264046
320	3	3	0.138	1	0:00:55.250835
340	2	4	0.246	0	0:00:55.230322
360	9	9	0.0981	1	0:00:55.262905
380	6	6	0.457	1	0:00:55.247122
400	9	9	0.457	1	0:00:55.252594
420	4	4	0.457	1	0:00:55.250212
440	1	1	0.457	1	0:00:55.261165
460	5	5	0.35	1	0:00:55.245940
480	8	9	0.322	0	0:00:55.252164
500	4	4	0.0256	1	0:00:55.223820
520	5	5	0.334	1	0:00:55.230563
540	1	1	0.457	1	0:00:55.228785
560	0	0	0.457	1	0:00:55.220473
580	4	4	0.457	1	0:00:55.214753
600	8	8	0.457	1	0:00:55.222054
620	7	7	0.457	1	0:00:55.222635
640	5	3	0.449	0	0:00:55.215698
660	9	9	0.457	1	0:00:55.226409
680	9	2	0.157	0	0:00:55.230037
700	7	7	0.457	1	0:00:55.240846
720	4	4	0.108	1	0:00:56.175286
740	2	5	0.147	0	0:00:55.237687
760	3	3	0.155	1	0:00:55.237656
780	9	9	0.457	1	0:00:55.221371
800	7	7	0.457	1	0:00:55.241295
820	6	6	0.438	1	0:00:55.218830
840	7	7	0.457	1	0:00:55.231076
860	4	4	0.244	1	0:00:55.208332
880	8	8	0.457	1	0:00:55.187373
900	2	3	0.0239	0	0:00:55.201616
920	6	6	0.395	1	0:00:55.215707
940	9	9	0.457	1	0:00:55.211346
960	9	9	0.288	1	0:00:55.220095
980	2	6	0.00336	0	0:00:55.202647
1000	5	5	0.457	1	0:00:55.218866
1020	1	1	0.457	1	0:00:55.226300
1040	7	5	0.369	0	0:00:55.225496
1060	9	9	0.457	1	0:00:55.224842
1080	6	6	0.274	1	0:00:55.218703
1100	7	7	0.314	1	0:00:55.209825
1120	5	5	0.457	1	0:00:55.224351
1140	6	6	0.381	1	0:00:55.241730
1160	8	8	0.438	1	0:00:55.224601
1180	3	3	0.195	1	0:00:55.235753
1200	8	8	0.0213	1	0:00:55.215014
1220	9	3	0.0776	0	0:00:55.194904
1240	2	6	0.23	0	0:00:55.204189
1260	1	1	0.434	1	0:00:55.218040
1280	3	3	0.166	1	0:00:55.239300
1300	4	3	0.457	0	0:00:55.193284
1320	7	4	0.139	0	0:00:55.234095
1340	1	1	0.457	1	0:00:55.231658
1360	7	7	0.373	1	0:00:55.235113
1380	4	5	0.278	0	0:00:55.209461
1400	5	3	0.0205	0	0:00:55.220826
1420	4	4	0.00644	1	0:00:55.222894
1440	0	0	0.279	1	0:00:55.234419
1460	6	6	0.457	1	0:00:55.404658
1480	1	1	0.457	1	0:00:55.453234
1500	1	1	0.325	1	0:00:55.502305
1520	7	7	0.457	1	0:00:55.498557
1540	8	8	0.457	1	0:00:55.504547
1560	7	7	0.457	1	0:00:55.532521
1580	6	-1	0.0	0	0:00:55.534890
1600	8	8	0.091	1	0:00:55.511681
1620	5	3	0.127	0	0:00:55.532443
1640	7	7	0.336	1	0:00:55.553910
1660	3	3	0.457	1	0:00:55.562846
1680	6	6	0.457	1	0:00:55.553767
1700	5	5	0.029	1	0:00:55.564343
1720	4	3	0.126	0	0:00:55.567125
1740	1	1	0.419	1	0:00:55.538858
1760	0	0	0.457	1	0:00:55.519588
1780	7	7	0.181	1	0:00:55.535947
1800	4	4	0.199	1	0:00:55.529797
1820	8	8	0.457	1	0:00:55.562468
1840	8	9	0.0511	0	0:00:55.570304
1860	8	8	0.457	1	0:00:55.541880
1880	1	1	0.457	1	0:00:55.535257
1900	8	8	0.457	1	0:00:55.512364
1920	2	2	0.457	1	0:00:55.536346
1940	5	5	0.376	1	0:00:55.508475
1960	2	5	0.115	0	0:00:55.529315
1980	9	9	0.457	1	0:00:55.525461
2000	1	1	0.183	1	0:00:55.534539
2020	9	9	0.457	1	0:00:55.496624
2040	0	0	0.457	1	0:00:55.494219
2060	5	3	0.392	0	0:00:55.514614
2080	1	1	0.328	1	0:00:55.528837
2100	2	2	0.443	1	0:00:55.500775
2120	4	4	0.0886	1	0:00:55.533505
2140	9	9	0.457	1	0:00:55.514382
2160	0	0	0.457	1	0:00:55.501489
2180	4	4	0.457	1	0:00:55.478591
2200	0	0	0.293	1	0:00:55.486602
2220	1	1	0.457	1	0:00:55.513206
2240	9	1	0.12	0	0:00:55.513892
2260	4	4	0.457	1	0:00:55.481414
2280	4	4	0.107	1	0:00:55.500078
2300	3	3	0.0819	1	0:00:55.501996
2320	5	5	0.0993	1	0:00:55.498936
2340	7	7	0.457	1	0:00:55.490156
2360	7	5	0.222	0	0:00:55.526301
2380	8	8	0.457	1	0:00:55.497268
2400	0	0	0.457	1	0:00:55.500612
2420	8	1	0.23	0	0:00:55.511735
2440	7	7	0.457	1	0:00:55.517780
2460	9	9	0.306	1	0:00:55.542761
2480	8	8	0.457	1	0:00:55.545503
2500	4	4	0.147	1	0:00:55.532678
2520	1	1	0.288	1	0:00:55.525069
2540	2	2	0.147	1	0:00:55.525996
2560	7	7	0.434	1	0:00:55.529942
2580	6	6	0.315	1	0:00:55.548913
2600	8	8	0.457	1	0:00:55.549625
2620	1	0	0.181	0	0:00:55.547200
2640	7	7	0.457	1	0:00:55.539134
2660	3	3	0.443	1	0:00:55.522710
2680	0	0	0.457	1	0:00:55.529878
2700	9	9	0.224	1	0:00:55.531591
2720	3	3	0.186	1	0:00:55.533960
2740	1	1	0.183	1	0:00:55.507942
2760	2	2	0.449	1	0:00:55.514781
2780	7	7	0.457	1	0:00:55.540064
2800	4	4	0.423	1	0:00:55.545858
2820	6	6	0.457	1	0:00:55.539319
2840	3	3	0.457	1	0:00:55.509928
2860	5	5	0.311	1	0:00:55.522651
2880	4	4	0.457	1	0:00:55.510992
2900	3	5	0.0997	0	0:00:55.514003
2920	2	2	0.0881	1	0:00:55.534393
2940	3	0	0.457	0	0:00:55.532324
2960	9	2	0.0548	0	0:00:55.556979
2980	8	8	0.457	1	0:00:55.531423
3000	5	5	0.243	1	0:00:55.529775
3020	1	1	0.083	1	0:00:55.535223
3040	7	7	0.457	1	0:00:55.555632
3060	7	7	0.457	1	0:00:55.559628
3080	1	1	0.423	1	0:00:55.533981
3100	0	0	0.457	1	0:00:55.500990
3120	4	3	0.0465	0	0:00:55.542701
3140	8	8	0.457	1	0:00:55.525378
3160	6	2	0.414	0	0:00:55.530528
3180	3	6	0.215	0	0:00:55.539178
3200	5	5	0.457	1	0:00:55.520077
3220	3	9	0.231	0	0:00:55.558315
3240	4	0	0.00796	0	0:00:55.557186
3260	7	7	0.408	1	0:00:55.558772
3280	3	5	0.275	0	0:00:55.552172
3300	4	4	0.368	1	0:00:55.574934
3320	2	7	0.365	0	0:00:55.563194
3340	6	6	0.457	1	0:00:55.549779
3360	4	4	0.457	1	0:00:55.534765
3380	8	8	0.457	1	0:00:55.540793
3400	6	4	0.434	0	0:00:55.530555
3420	5	5	0.108	1	0:00:55.544491
3440	2	3	0.0804	0	0:00:55.510856
3460	1	1	0.419	1	0:00:55.544656
3480	2	2	0.457	1	0:00:55.538672
3500	1	9	0.41	0	0:00:55.527085
3520	1	1	0.457	1	0:00:55.521664
3540	6	6	0.457	1	0:00:55.552545
3560	1	9	0.351	0	0:00:55.553142
3580	4	4	0.0383	1	0:00:55.553564
3600	4	2	0.212	0	0:00:55.548998
3620	0	0	0.139	1	0:00:55.563269
3640	6	6	0.305	1	0:00:55.567212
3660	0	0	0.205	1	0:00:55.549607
3680	0	7	0.124	0	0:00:55.546599
3700	3	3	0.457	1	0:00:55.508795
3720	2	2	0.449	1	0:00:55.532888
3740	0	0	0.457	1	0:00:55.537880
3760	7	7	0.457	1	0:00:55.549217
3780	4	4	0.376	1	0:00:55.521994
3800	9	9	0.457	1	0:00:55.536773
3820	0	0	0.291	1	0:00:55.548541
3840	6	6	0.333	1	0:00:55.550196
3860	7	7	0.457	1	0:00:55.555551
3880	6	6	0.428	1	0:00:55.567728
3900	3	6	0.457	0	0:00:55.551029
3920	7	-1	0.0	0	0:00:55.559640
3940	6	3	0.0819	0	0:00:55.532213
3960	2	2	0.457	1	0:00:55.532326
3980	9	9	0.0622	1	0:00:55.546879
4000	8	0	0.34	0	0:00:55.559557
4020	8	8	0.457	1	0:00:55.538073
4040	0	0	0.457	1	0:00:55.529854
4060	6	6	0.457	1	0:00:55.530635
4080	1	1	0.457	1	0:00:55.533875
4100	7	7	0.457	1	0:00:55.548820
4120	4	4	0.457	1	0:00:55.542503
4140	5	5	0.457	1	0:00:55.531485
4160	5	5	0.421	1	0:00:55.543146
4180	0	8	0.225	0	0:00:55.530951
4200	4	4	0.389	1	0:00:55.539274
4220	4	0	0.0228	0	0:00:55.523461
4240	7	0	0.159	0	0:00:55.551945
4260	8	8	0.457	1	0:00:55.541938
4280	8	0	0.15	0	0:00:55.515688
4300	8	8	0.457	1	0:00:55.541094
4320	1	0	0.271	0	0:00:55.493597
4340	0	0	0.457	1	0:00:55.516883
4360	6	6	0.457	1	0:00:55.535985
4380	9	9	0.25	1	0:00:55.532372
4400	3	3	0.241	1	0:00:55.529480
4420	5	5	0.223	1	0:00:55.537280
4440	2	2	0.262	1	0:00:55.532591
4460	9	9	0.457	1	0:00:55.551303
4480	9	9	0.457	1	0:00:55.531709
4500	3	5	0.431	0	0:00:55.531765
4520	3	5	0.0657	0	0:00:55.509454
4540	9	9	0.457	1	0:00:55.509546
4560	1	1	0.457	1	0:00:55.531115
4580	6	6	0.386	1	0:00:55.529343
4600	4	4	0.376	1	0:00:55.529158
4620	7	7	0.457	1	0:00:55.508673
4640	2	2	0.457	1	0:00:55.530051
4660	7	7	0.0782	1	0:00:55.520668
4680	9	1	0.151	0	0:00:55.528626
4700	6	6	0.102	1	0:00:55.539554
4720	8	8	0.259	1	0:00:55.530905
4740	5	3	0.0514	0	0:00:55.517837
4760	3	2	0.0442	0	0:00:55.527984
4780	0	0	0.228	1	0:00:55.541941
4800	9	9	0.457	1	0:00:55.528883
4820	3	3	0.307	1	0:00:55.535514
4840	0	0	0.457	1	0:00:55.526096
4860	5	5	0.457	1	0:00:55.556234
4880	0	8	0.0412	0	0:00:55.541907
4900	3	1	0.164	0	0:00:55.525337
4920	7	7	0.457	1	0:00:55.542317
4940	6	6	0.457	1	0:00:55.526918
4960	4	4	0.449	1	0:00:55.511920
4980	1	9	0.143	0	0:00:55.519894
5000	7	7	0.457	1	0:00:55.543341
5020	8	8	0.457	1	0:00:55.547506
5040	3	3	0.134	1	0:00:55.534118
5060	6	3	0.148	0	0:00:55.550898
5080	7	7	0.457	1	0:00:55.545104
5100	3	3	0.457	1	0:00:55.534136
5120	9	9	0.417	1	0:00:55.540010
5140	8	8	0.457	1	0:00:55.516917
5160	0	0	0.457	1	0:00:55.501381
