idx	label	predict	radius	correct	time
0	3	6	0.0978	0	0:00:34.719524
20	7	7	0.131	1	0:00:33.460999
40	4	-1	0.0	0	0:00:34.614004
60	7	7	0.392	1	0:00:33.143995
80	8	1	0.25	0	0:00:33.698001
100	4	4	0.197	1	0:00:32.932741
120	8	6	0.0509	0	0:00:34.297504
140	6	6	0.457	1	0:00:34.174995
160	2	0	0.431	0	0:00:33.453502
180	0	9	0.135	0	0:00:33.296001
200	5	-1	0.0	0	0:00:33.930037
220	7	7	0.438	1	0:00:34.377176
240	1	1	0.457	1	0:00:33.735461
260	8	6	0.0968	0	0:00:33.123531
280	9	9	0.149	1	0:00:34.356976
300	6	6	0.457	1	0:00:34.591012
320	3	6	0.113	0	0:00:34.425965
340	2	6	0.177	0	0:00:33.936535
360	9	9	0.457	1	0:03:16.724037
380	6	6	0.457	1	0:00:32.726486
400	9	9	0.457	1	0:00:33.613495
420	4	6	0.0278	0	0:00:33.060503
440	1	1	0.457	1	0:00:34.484526
460	5	5	0.13	1	0:00:33.556502
480	8	1	0.132	0	0:00:33.833505
500	4	6	0.457	0	0:00:33.957498
520	5	5	0.193	1	0:00:33.190998
540	1	1	0.457	1	0:01:52.429219
560	0	0	0.319	1	0:00:49.058035
